 &plot nbnd=  10, nks=   151 /
           -1.000000  0.500000  0.000000
   -1.422   -1.422    2.285    2.285   10.486   10.486   11.291   11.291   16.899   16.899
           -0.966667  0.483333  0.000000
   -1.584   -1.262    2.184    2.409   10.377   10.474   11.170   11.571   16.591   17.157
           -0.933333  0.466667  0.000000
   -1.764   -1.093    2.117    2.544   10.275   10.329   11.059   12.005   16.240   17.288
           -0.900000  0.450000  0.000000
   -1.957   -0.914    2.083    2.689   10.153   10.185   10.961   12.495   15.874   17.257
           -0.866667  0.433333  0.000000
   -2.164   -0.727    2.081    2.843    9.972   10.104   10.868   13.009   15.503   17.081
           -0.833333  0.416667  0.000000
   -2.379   -0.530    2.108    3.005    9.798   10.036   10.789   13.539   15.133   16.825
           -0.800000  0.400000  0.000000
   -2.598   -0.322    2.161    3.174    9.635    9.983   10.721   14.080   14.773   16.536
           -0.766667  0.383333  0.000000
   -2.821   -0.106    2.238    3.348    9.481    9.945   10.661   14.409   14.626   16.230
           -0.733333  0.366667  0.000000
   -3.043    0.120    2.335    3.528    9.338    9.923   10.608   14.056   15.167   15.924
           -0.700000  0.350000 -0.000000
   -3.263    0.355    2.452    3.711    9.207    9.918   10.562   13.709   15.623   15.698
           -0.666667  0.333333  0.000000
   -3.480    0.599    2.586    3.896    9.088    9.931   10.521   13.368   15.332   16.200
           -0.633333  0.316667 -0.000000
   -3.691    0.853    2.737    4.081    8.983    9.964   10.482   13.037   15.055   16.658
           -0.600000  0.300000  0.000000
   -3.895    1.117    2.901    4.265    8.889   10.016   10.449   12.717   14.793   17.023
           -0.566667  0.283333  0.000000
   -4.093    1.388    3.078    4.445    8.807   10.081   10.417   12.399   14.546   17.253
           -0.533333  0.266667  0.000000
   -4.281    1.669    3.267    4.622    8.740   10.152   10.401   12.092   14.320   17.123
           -0.500000  0.250000  0.000000
   -4.460    1.959    3.466    4.793    8.682   10.187   10.432   11.792   14.110   16.590
           -0.466667  0.233333  0.000000
   -4.630    2.257    3.674    4.957    8.638   10.165   10.535   11.502   13.918   16.082
           -0.433333  0.216667  0.000000
   -4.789    2.563    3.891    5.114    8.604   10.107   10.679   11.220   13.736   15.606
           -0.400000  0.200000  0.000000
   -4.937    2.878    4.114    5.263    8.584   10.033   10.845   10.950   13.559   15.181
           -0.366667  0.183333  0.000000
   -5.075    3.199    4.341    5.403    8.573    9.945   10.690   11.016   13.375   14.815
           -0.333333  0.166667  0.000000
   -5.202    3.527    4.572    5.535    8.575    9.847   10.439   11.173   13.183   14.538
           -0.300000  0.150000 -0.000000
   -5.317    3.860    4.803    5.656    8.585    9.740   10.194   11.274   13.005   14.336
           -0.266667  0.133333 -0.000000
   -5.420    4.196    5.034    5.770    8.606    9.630    9.962   11.279   12.915   14.213
           -0.233333  0.116667  0.000000
   -5.511    4.534    5.259    5.874    8.634    9.515    9.742   11.144   12.949   14.142
           -0.200000  0.100000  0.000000
   -5.591    4.869    5.475    5.967    8.667    9.400    9.535   10.906   13.092   14.106
           -0.166667  0.083333 -0.000000
   -5.658    5.197    5.679    6.049    8.702    9.284    9.345   10.620   13.297   14.092
           -0.133333  0.066667  0.000000
   -5.713    5.509    5.864    6.121    8.738    9.168    9.175   10.333   13.526   14.090
           -0.100000  0.050000  0.000000
   -5.756    5.794    6.023    6.177    8.771    9.030    9.052   10.078   13.746   14.095
           -0.066667  0.033333 -0.000000
   -5.787    6.031    6.146    6.219    8.798    8.918    8.941    9.882   13.934   14.101
           -0.033333  0.016667 -0.000000
   -5.805    6.195    6.226    6.245    8.815    8.846    8.855    9.762   14.052   14.062
            0.000000  0.000000  0.000000
   -5.811    6.254    6.254    6.254    8.821    8.821    8.821    9.722   14.024   14.107
           -0.033333  0.000000  0.000000
   -5.806    6.221    6.232    6.232    8.809    8.849    8.849    9.754   14.046   14.064
           -0.066667  0.000000  0.000000
   -5.791    6.127    6.169    6.169    8.771    8.930    8.930    9.844   13.940   14.113
           -0.100000  0.000000  0.000000
   -5.768    5.980    6.071    6.071    8.710    9.056    9.056    9.983   13.755   14.156
           -0.133333  0.000000  0.000000
   -5.733    5.792    5.949    5.949    8.629    9.220    9.220   10.154   13.531   14.195
           -0.166667  0.000000  0.000000
   -5.689    5.574    5.809    5.809    8.532    9.413    9.413   10.339   13.292   14.244
           -0.200000  0.000000  0.000000
   -5.635    5.333    5.659    5.659    8.423    9.629    9.629   10.518   13.066   14.303
           -0.233333  0.000000  0.000000
   -5.571    5.075    5.502    5.502    8.305    9.863    9.863   10.661   12.885   14.374
           -0.266667  0.000000  0.000000
   -5.498    4.804    5.343    5.343    8.178   10.110   10.110   10.729   12.779   14.456
           -0.300000  0.000000  0.000000
   -5.414    4.525    5.185    5.185    8.051   10.369   10.369   10.705   12.798   14.548
           -0.333333  0.000000  0.000000
   -5.321    4.240    5.028    5.028    7.923   10.576   10.636   10.636   12.925   14.652
           -0.366667  0.000000  0.000000
   -5.219    3.950    4.875    4.875    7.796   10.377   10.911   10.911   13.137   14.766
           -0.400000  0.000000  0.000000
   -5.107    3.652    4.726    4.726    7.672   10.136   11.186   11.186   13.402   14.885
           -0.433333  0.000000  0.000000
   -4.985    3.355    4.582    4.582    7.553    9.880   11.474   11.474   13.704   15.021
           -0.466667  0.000000  0.000000
   -4.854    3.056    4.445    4.445    7.439    9.616   11.764   11.764   14.026   15.167
           -0.500000  0.000000  0.000000
   -4.714    2.755    4.315    4.315    7.331    9.354   12.059   12.059   14.363   15.324
           -0.533333  0.000000  0.000000
   -4.565    2.454    4.192    4.192    7.231    9.098   12.356   12.356   14.708   15.492
           -0.566667  0.000000  0.000000
   -4.406    2.152    4.076    4.076    7.139    8.852   12.657   12.657   15.058   15.671
           -0.600000  0.000000  0.000000
   -4.237    1.850    3.968    3.968    7.056    8.617   12.961   12.961   15.411   15.860
           -0.633333  0.000000  0.000000
   -4.061    1.547    3.868    3.868    6.982    8.394   13.262   13.262   15.764   16.050
           -0.666667  0.000000  0.000000
   -3.874    1.248    3.776    3.776    6.919    8.187   13.574   13.574   16.117   16.264
           -0.700000  0.000000  0.000000
   -3.681    0.949    3.693    3.693    6.865    7.992   13.885   13.885   16.466   16.485
           -0.733333  0.000000  0.000000
   -3.480    0.653    3.618    3.618    6.823    7.812   14.200   14.200   16.745   16.812
           -0.766667  0.000000  0.000000
   -3.271    0.359    3.552    3.552    6.787    7.645   14.513   14.513   16.987   17.152
           -0.800000  0.000000  0.000000
   -3.054    0.067    3.494    3.494    6.765    7.494   14.828   14.828   17.239   17.485
           -0.833333  0.000000  0.000000
   -2.829   -0.221    3.445    3.445    6.755    7.357   15.144   15.144   17.502   17.811
           -0.866667  0.000000  0.000000
   -2.597   -0.505    3.405    3.405    6.758    7.235   15.458   15.458   17.776   18.128
           -0.900000  0.000000  0.000000
   -2.357   -0.788    3.373    3.373    6.769    7.128   15.762   15.762   18.007   18.007
           -0.933333  0.000000  0.000000
   -2.111   -1.063    3.350    3.350    6.796    7.034   16.053   16.053   17.709   17.709
           -0.966667  0.000000  0.000000
   -1.858   -1.334    3.337    3.337    6.835    6.954   16.297   16.297   17.461   17.461
           -1.000000  0.000000  0.000000
   -1.599   -1.599    3.332    3.332    6.888    6.888   16.406   16.406   17.350   17.350
           -1.000000  0.016667  0.000000
   -1.598   -1.598    3.329    3.329    6.895    6.895   16.395   16.395   17.331   17.331
           -1.000000  0.033333  0.000000
   -1.597   -1.597    3.317    3.317    6.916    6.916   16.362   16.362   17.283   17.283
           -1.000000  0.050000  0.000000
   -1.595   -1.595    3.298    3.298    6.951    6.951   16.304   16.304   17.217   17.217
           -1.000000  0.066667  0.000000
   -1.592   -1.592    3.272    3.272    6.998    6.998   16.218   16.218   17.148   17.148
           -1.000000  0.083333  0.000000
   -1.588   -1.588    3.239    3.239    7.058    7.058   16.103   16.103   17.086   17.086
           -1.000000  0.100000  0.000000
   -1.583   -1.583    3.201    3.201    7.130    7.130   15.961   15.961   17.037   17.037
           -1.000000  0.116667  0.000000
   -1.578   -1.578    3.159    3.159    7.213    7.213   15.797   15.797   17.000   17.000
           -1.000000  0.133333  0.000000
   -1.572   -1.572    3.112    3.112    7.305    7.305   15.613   15.613   16.970   16.970
           -1.000000  0.150000  0.000000
   -1.565   -1.565    3.063    3.063    7.408    7.408   15.419   15.419   16.950   16.950
           -1.000000  0.166667  0.000000
   -1.558   -1.558    3.011    3.011    7.519    7.519   15.217   15.217   16.936   16.936
           -1.000000  0.183333  0.000000
   -1.550   -1.550    2.957    2.957    7.637    7.637   15.008   15.008   16.926   16.926
           -1.000000  0.200000  0.000000
   -1.541   -1.541    2.903    2.903    7.763    7.763   14.798   14.798   16.918   16.918
           -1.000000  0.216667  0.000000
   -1.532   -1.532    2.849    2.849    7.896    7.896   14.582   14.582   16.913   16.913
           -1.000000  0.233333  0.000000
   -1.523   -1.523    2.795    2.795    8.036    8.036   14.367   14.367   16.910   16.910
           -1.000000  0.250000  0.000000
   -1.514   -1.514    2.741    2.741    8.181    8.181   14.148   14.148   16.907   16.907
           -1.000000  0.266667  0.000000
   -1.505   -1.505    2.689    2.689    8.328    8.328   13.925   13.925   16.901   16.901
           -1.000000  0.283333  0.000000
   -1.496   -1.496    2.639    2.639    8.482    8.482   13.706   13.706   16.900   16.900
           -1.000000  0.300000  0.000000
   -1.486   -1.486    2.591    2.591    8.642    8.642   13.489   13.489   16.903   16.903
           -1.000000  0.316667  0.000000
   -1.477   -1.477    2.545    2.545    8.804    8.804   13.271   13.271   16.903   16.903
           -1.000000  0.333333  0.000000
   -1.469   -1.469    2.503    2.503    8.971    8.971   13.054   13.054   16.904   16.904
           -1.000000  0.350000  0.000000
   -1.460   -1.460    2.463    2.463    9.140    9.140   12.839   12.839   16.904   16.904
           -1.000000  0.366667  0.000000
   -1.453   -1.453    2.427    2.427    9.312    9.312   12.626   12.626   16.905   16.905
           -1.000000  0.383333  0.000000
   -1.445   -1.445    2.395    2.395    9.486    9.486   12.416   12.416   16.906   16.906
           -1.000000  0.400000  0.000000
   -1.439   -1.439    2.366    2.366    9.662    9.662   12.210   12.210   16.907   16.907
           -1.000000  0.416667  0.000000
   -1.433   -1.433    2.342    2.342    9.837    9.837   12.009   12.009   16.907   16.907
           -1.000000  0.433333  0.000000
   -1.429   -1.429    2.322    2.322   10.010   10.010   11.814   11.814   16.908   16.908
           -1.000000  0.450000  0.000000
   -1.425   -1.425    2.306    2.306   10.176   10.176   11.630   11.630   16.906   16.906
           -1.000000  0.466667  0.000000
   -1.423   -1.423    2.294    2.294   10.326   10.326   11.465   11.465   16.899   16.899
           -1.000000  0.483333  0.000000
   -1.422   -1.422    2.287    2.287   10.441   10.441   11.342   11.342   16.899   16.899
           -1.000000  0.500000  0.000000
   -1.422   -1.422    2.285    2.285   10.486   10.486   11.291   11.291   16.899   16.899
           -0.983333  0.500000  0.016667
   -1.531   -1.314    2.205    2.373   10.394   10.553   11.222   11.400   16.684   17.088
           -0.966667  0.500000  0.033333
   -1.641   -1.207    2.137    2.470   10.295   10.570   11.215   11.528   16.436   17.234
           -0.950000  0.500000  0.050000
   -1.751   -1.106    2.080    2.573   10.189   10.531   11.271   11.668   16.159   17.346
           -0.933333  0.500000  0.066667
   -1.860   -1.010    2.036    2.682   10.085   10.452   11.376   11.816   15.859   17.427
           -0.916667  0.500000  0.083333
   -1.968   -0.922    2.008    2.796    9.984   10.355   11.509   11.971   15.544   17.481
           -0.900000  0.500000  0.100000
   -2.072   -0.841    1.997    2.914    9.889   10.250   11.661   12.135   15.217   17.521
           -0.883333  0.500000  0.116667
   -2.175   -0.771    2.003    3.036    9.799   10.142   11.824   12.300   14.882   17.531
           -0.866667  0.500000  0.133333
   -2.275   -0.713    2.030    3.159    9.716   10.031   11.994   12.465   14.548   17.519
           -0.850000  0.500000  0.150000
   -2.372   -0.667    2.075    3.285    9.639    9.924   12.175   12.636   14.207   17.489
           -0.833333  0.500000  0.166667
   -2.465   -0.632    2.141    3.412    9.571    9.820   12.365   12.810   13.866   17.443
           -0.816667  0.500000  0.183333
   -2.554   -0.608    2.225    3.539    9.510    9.718   12.559   12.985   13.526   17.373
           -0.800000  0.500000  0.200000
   -2.641   -0.595    2.328    3.666    9.457    9.618   12.756   13.160   13.188   17.281
           -0.783333  0.500000  0.216667
   -2.722   -0.591    2.448    3.791    9.415    9.521   12.855   12.962   13.336   17.168
           -0.766667  0.500000  0.233333
   -2.800   -0.595    2.583    3.915    9.378    9.425   12.526   13.173   13.510   17.034
           -0.750000  0.500000  0.250000
   -2.873   -0.605    2.731    4.035    9.332    9.351   12.206   13.390   13.679   16.881
           -0.733333  0.500000  0.266667
   -2.942   -0.619    2.890    4.152    9.239    9.332   11.894   13.613   13.842   16.719
           -0.716667  0.500000  0.283333
   -3.007   -0.636    3.059    4.264    9.146    9.322   11.592   13.840   13.993   16.556
           -0.700000  0.500000  0.300000
   -3.068   -0.656    3.237    4.370    9.052    9.321   11.303   14.073   14.127   16.405
           -0.683333  0.500000  0.316667
   -3.124   -0.677    3.420    4.471    8.955    9.328   11.029   14.235   14.310   16.278
           -0.666667  0.500000  0.333333
   -3.174   -0.697    3.608    4.565    8.854    9.343   10.776   14.308   14.553   16.194
           -0.650000  0.500000  0.350000
   -3.222   -0.719    3.798    4.650    8.743    9.365   10.538   14.336   14.795   16.152
           -0.633333  0.500000  0.366667
   -3.263   -0.739    3.989    4.729    8.628    9.393   10.327   14.320   15.046   16.166
           -0.616667  0.500000  0.383333
   -3.300   -0.757    4.178    4.798    8.504    9.425   10.143   14.267   15.300   16.229
           -0.600000  0.500000  0.400000
   -3.331   -0.773    4.361    4.859    8.373    9.460    9.987   14.190   15.566   16.331
           -0.583333  0.500000  0.416667
   -3.358   -0.788    4.534    4.910    8.240    9.495    9.861   14.104   15.827   16.453
           -0.566667  0.500000  0.433333
   -3.380   -0.800    4.693    4.953    8.110    9.528    9.761   14.018   16.097   16.589
           -0.550000  0.500000  0.450000
   -3.397   -0.810    4.829    4.986    7.992    9.557    9.687   13.944   16.359   16.720
           -0.533333  0.500000  0.466667
   -3.409   -0.817    4.936    5.009    7.897    9.577    9.636   13.886   16.614   16.836
           -0.516667  0.500000  0.483333
   -3.417   -0.821    5.004    5.023    7.835    9.591    9.606   13.850   16.841   16.921
           -0.500000  0.500000  0.500000
   -3.419   -0.823    5.028    5.028    7.813    9.596    9.596   13.838   16.952   16.952
           -0.483333  0.483333  0.483333
   -3.436   -0.799    5.030    5.030    7.815    9.599    9.599   13.841   16.813   16.813
           -0.466667  0.466667  0.466667
   -3.484   -0.729    5.036    5.036    7.828    9.606    9.606   13.853   16.538   16.538
           -0.450000  0.450000  0.450000
   -3.560   -0.619    5.046    5.046    7.839    9.618    9.618   13.871   16.235   16.235
           -0.433333  0.433333  0.433333
   -3.656   -0.474    5.060    5.060    7.855    9.633    9.633   13.896   15.930   15.930
           -0.416667  0.416667  0.416667
   -3.771   -0.301    5.078    5.078    7.875    9.653    9.653   13.925   15.628   15.628
           -0.400000  0.400000  0.400000
   -3.892   -0.103    5.101    5.101    7.899    9.678    9.678   13.959   15.340   15.340
           -0.383333  0.383333  0.383333
   -4.021    0.115    5.127    5.127    7.928    9.702    9.702   13.993   15.051   15.051
           -0.366667  0.366667  0.366667
   -4.151    0.348    5.158    5.158    7.964    9.727    9.727   14.025   14.791   14.791
           -0.350000  0.350000  0.350000
   -4.281    0.596    5.192    5.192    8.001    9.752    9.752   14.041   14.545   14.545
           -0.333333  0.333333  0.333333
   -4.411    0.855    5.230    5.230    8.043    9.774    9.774   14.029   14.316   14.316
           -0.316667  0.316667  0.316667
   -4.537    1.124    5.272    5.272    8.088    9.791    9.791   13.969   14.108   14.108
           -0.300000  0.300000  0.300000
   -4.660    1.403    5.318    5.318    8.138    9.803    9.803   13.844   13.922   13.922
           -0.283333  0.283333  0.283333
   -4.779    1.690    5.367    5.367    8.191    9.805    9.805   13.658   13.761   13.761
           -0.266667  0.266667  0.266667
   -4.891    1.987    5.419    5.419    8.246    9.796    9.796   13.428   13.627   13.627
           -0.250000  0.250000  0.250000
   -4.999    2.287    5.474    5.474    8.305    9.776    9.776   13.172   13.521   13.521
           -0.233333  0.233333  0.233333
   -5.101    2.595    5.533    5.533    8.371    9.743    9.743   12.901   13.450   13.450
           -0.216667  0.216667  0.216667
   -5.197    2.906    5.595    5.595    8.435    9.695    9.695   12.619   13.402   13.402
           -0.200000  0.200000  0.200000
   -5.286    3.221    5.659    5.659    8.503    9.635    9.635   12.332   13.386   13.386
           -0.183333  0.183333  0.183333
   -5.369    3.537    5.724    5.724    8.566    9.562    9.562   12.040   13.394   13.394
           -0.166667  0.166667  0.166667
   -5.445    3.855    5.790    5.790    8.628    9.480    9.480   11.747   13.423   13.423
           -0.150000  0.150000  0.150000
   -5.514    4.174    5.857    5.857    8.691    9.393    9.393   11.455   13.478   13.478
           -0.133333  0.133333  0.133333
   -5.576    4.489    5.923    5.923    8.750    9.301    9.301   11.165   13.549   13.549
           -0.116667  0.116667  0.116667
   -5.631    4.800    5.987    5.987    8.803    9.209    9.209   10.882   13.632   13.632
           -0.100000  0.100000  0.100000
   -5.679    5.103    6.048    6.048    8.847    9.120    9.120   10.610   13.723   13.723
           -0.083333  0.083333  0.083333
   -5.720    5.391    6.105    6.105    8.878    9.037    9.037   10.358   13.816   13.816
           -0.066667  0.066667  0.066667
   -5.752    5.659    6.155    6.155    8.892    8.965    8.965   10.134   13.907   13.907
           -0.050000  0.050000  0.050000
   -5.778    5.895    6.197    6.197    8.885    8.904    8.904    9.952   13.987   13.987
           -0.033333  0.033333  0.033333
   -5.796    6.084    6.228    6.228    8.859    8.859    8.861    9.822   14.052   14.052
           -0.016667  0.016667  0.016667
   -5.807    6.210    6.247    6.247    8.831    8.831    8.834    9.746   14.040   14.093
            0.000000  0.000000  0.000000
   -5.811    6.254    6.254    6.254    8.821    8.821    8.821    9.722   14.024   14.107
